10212557602167500309185854334868176413922502074925818970769604281378
26027363727222509962469798159968085492247094790924005771698345846252
5825301032686182163657892484640356053807780806738590387789363392677
10769337318689949454184154340525394382349172292057465391837168577063
5770468174909220047818981032239705510431781193773425266041264048503
25778846639055336797317951539314921170628170590602504206175779323717
3230469327702735557182435220989483518085310430197801923000481682168
13650832580144695258821411365326190253468955914696903702548614287576
2653939528479446164801918849025283353317365895148835881735261899770
22347221246030065314963525048390308651527340072921247484998522504889
13326588566572640799087526650762952007154446226018692768751187464426
14746684372884525878262194772400660053857120901682147880581020484812
1026797404826610914120810619732561227865442741397086181536060533340
14281873125827143726921267445305542058067032635456197826347600455010
16944566957770182394735011526468786122967553261268670103073556444202
4673574037078655842594759007904282335646358458263575491026017305605
22481098460486383393835091158447978087345703659544036924310195866607
19279759212029176035942028574638426397119037594340856800408379848290
14986452920503869782962291842857356538698956918242775817629017634121
1466958165668703907957019741272077196140377312310251483965138463828
15887556856425263352379361530786976680366796566781918115252640308567
25096098170640474143850290861464783430964441612967170614729730263570
18532521559691692882060282321740840998190155685162585707581952949383
10001371323970361320467239174032890884650896022431261152124438058012
6929987635049537538845653770606325887874912750631170017588320577368
6960587618355234400268434644750718570500533552989413108171511108295
1896644487130914125221923905290829107496414673420616047952110526776
14673237896714366018870122556695766126978567325999739548361378772738
12035582276104431090227804716122807869580391941614445057078815510392
19175760423220393531070773590496834342366318051652814010609531770480
24296202452912987342769963015703098226833999761082518232077691871438
22938625462145113119034815800137095293663059196400722898647051951315
23354674497963861928221214795610710593522191263754150615078550854449
20189078912049210714901453745900774002161285895581799576517283756819
26418316957388592611867336762950679686945079254869221059024189110348
17868901215215364842909903105235603940988034831900095851321582544717
18434211848613388936626506092499716457655979521190843398381584408646
19094502121665971979788853745003531363742686881458379824784444843212
26949289156023890601685353746664062168406194079542492827591502423515
14190892644137247049604731730399669653875148773928474033422000293205
24838922933766080354091207616516335385650497550787556550183271119040
10465256749821477170566006225465946659827029667098075305806981197099
1137019027341917124391244371805893685169003121532249653295492666210
14940644206673174300172927357251705776492631332244193176167014894107
1208711748911333475297524054655756564742362063314309620836455951109
24598332754935481129274148765321318167295752112841348275935428186253
645928016689361808809434132124666070675926259986295564403156475598
16203382694652678759331708786127195783965650690061995287736059998582
19118859034560272171619692178884283388682751906689622946199353591301
15612072604187374655087005150070898893569914612208583985044143957630
5695960271146593992883621516162830723565881198603027781890538950093
26854684331339485964483366298909750739866869630886405713000922758641
5155364822629745936297371532245024697087202969601922717841488083810
1455757839221811139103972075376708906882265899039818976887917731895
16469866364946688686346525115594846100541975628741907320008398351564
25747217143261007534411229773545672516173863033588803809516057183930
458507936922343544491640272233803196111798170942418517708299321856
6766848663499330012078791640837925221802088280828063798821828173298
10712795563150893920860567325276772758324538482191066917884900508627
26265579908944352774262776402901850171281792854897926112223029376096
3593941306331133298546563173644790043350573217193526012246412382605
21473428554936347256900626989545640475011416980536665058125668507137
22651328833026454272759864227101868093607137168483435152015633633519
16489220227515171897883374128299847581420318173111521886378754846290
7405125539282250193473828336482950375702599912018140114537955775976
162631770535308264872441546796534367281108044276245078068398450770
7551999303118318201744410548173966016388331326004490688138306256654
20958917389158789120093828943116415795207770297475854874632053251491
1634508526353851391247225288924631925910087555648379183173442989248
11161788489835467465717147139842233536971155918316618955708323667066
16007955680915936126323615710185043264049167150294756466225139532877
12542559089280375530236155184574714695330976059125941031189520449457
6400133249767231436590559787500021333624040146227485573386461992366
5736416856880430660998775921764646086801794303381034425732917860044
2560834450373009339578634328097687176435998530242274953232404900790
24550427900519757590933010331085959948588850304797921174950105343102
8354952797288672184723904674675890296406415026693064949012620691687
15244925898450810797520218550046900278344923551864349661861617981615
1208347741699182515253753389375428981861573481400963869899223691614
26297315265965067686337283972542171847713466039958830288027948675567
10360174910726832337306877090172731245326697221759627667323522436690
8922564096398457746516769966128416431391874473929923553763931647019
7614407058916795634138825203041305680779889809067259960237268203626
18342514104010454233914544537645401682109945059504330512544419938310
8304596454043483783622298744337214760239541418892921911371673116070
19703030853306899266457343517626065817983316900296214544499628745595
8215662815094512304117742581947431004780118942056199187360727829048
13775680738620257856741395836429792398843506691220870553410616671070
19772648963589365147679915614791645419525719474892396108820451703675
6925567172276671433665948713704473072099123416358916392290541924158
6168153745829238731600367667943262700494261706085778304002707896657
20871733524119169538680853915733520804049569179682302473560969378655
25756815330022375473405032867578896902005811706977647893107935128350
22381102083244643491558324632214828264646233499177975332123017822066
8721941230049268705981628463681010233424154793423139510772388457698
9755746220682382437315236154509268548875532294773137168630713776092
2638848349745779603958125204185399798158442624542247271524525002820
3806136237213536555898727989734257793867076839744678234772635549855
20610448566749668069170368267980224658747103846483967580000658511502
21000323567654592840134328564979360161072930386913199715558439124298
25190358929765144364652627012482050819142717262891035874215790642018
17620621432682274889783975202425295852576246846229334720718218288788
8756504473929192618397049258219940594402300882636931066255423516517
3469299716851328778199562722701099410143226376275935570101543381824
6558643173835209836471866914700023747678133474593204217826271410673
2554047208013793582600229471652999160553940859068406094493311098246
799972761679838716065239440184335945360985602126370308206771895016
18427108265278600659170528518449790107599603167150795200651904282755
5613010388846854831846250987476963174454353422601356344011619752846
15721139545327688706562351746961527824058618976238968147606487284817
6290548590968673571355163471444732028936158584104027497108324452245
13944456443010368780040702081955614563494525650002559898304000101927
11426584246190472936473052265771118454649747035014581539889807702741
12525056597529429264130021896154718699909626525789866950834196322594
2600958206744893349950811175741142114062083773979550814646657599143
26495350161623748969930039936454779823587240837126123194749621163599
20332597741714651244848580032191104272492312398058687487321888982414
12154943122028618012914141743433261108583577869556575680291326289707
25112298248459170444850891454068934128642525590568697545900601299585
20083266621758177930812950384459455220225075814141193578388840724092
2359523750134194580687970703592462056433499522930173161920294808729
18322353514852631670531386066779506450532320160401047234143641954638
18512416104460863820070045700791364036401462673177659716260104503186
22932844398434647734526205349677199169521185140946859680625673646170
12799443781726226402676405015809333590293288887552108952815597310452
21330695103398821317492760598364635155944869143105373101109161590275
6028139705835598004837333211151034197857279627845112223051708833988
20119334531858382909437591146067942773203363445867117674036645123888
5870941162521702510177014977159503206819476187663592885217960820063
10970740226395060550983928963306854078323916083798368101916407994754
95449808878044991971951213474346070445454002904507429203873776525
15246739287969449492138403386996864813005001026652961078347035491334
16463630750518465281835990057444322513301177644295129342896731553085
18644838648963819177484798484759041945070283233867251725780886055362
20902103931437088592002928535145585402463386550924625804183571545748
19681996185822849960983822169871572933773539661044498543966174680780
1254286016008081353946594070145275111437998442090922662518498016351
22128065962062908590541179971076634965886402817522722336943828276507
15286783049391339137292532819630301191395802195038759374042743422544
14641076680273923422456446834172592174657399802336853811654561492410
21794803754828450600633231898852931556362452106102366399077121315107
17281846750473012894120067448517367418307110371529831142555182098274
292883505982044632949200590379060507108579113722559916450176163583
20994827765954055193094307474653415772686712080272014018608080252350
18669862087678784993567451514038851753660617187018361850746302726173
4013797051409013617736085324691673087478966279623456822642233984585
17948837711548155514769790085095474639524519663181424324218999178684
11852345386642888766799950058665519853765398244391836879979147089458
20034308675274413924876175633493110126348949723745012845523751836713
19478750138995181730640724467298298564229010093714066295350871629791
14999522969644404933156638425384839013701730996742067519215015850870
14910304417768425105244004541160140168894498669423585174571904010050
26085640771044236246708874218001190356539875248403900540791443925206
5175074826658810245275153157845172040980070022946969943873146703789
9974155942353533745633351204191524775449316343687913940952560086522
14590900658840896065944247894045302856862793919252467547748067915114
6632073284956211886707263812593887948906713950578293293601577173591
10921185194677559106453417429377211989780587621046463892535777598860
9688340077788003533632691817682048565395611955716195663474095800555
17998337496565263621166010032424814641588925443463180847427153777143
8529336201792469417743425961938129027859431067775240084283969116340
7223879170643188133650533943780630369071292558875537672594728981652
2311083504435620772262911081465816965050269541712886526549864154568
428776148030075760743158194052069917363786361702528316062567805853
5027086236921067007297362410858038789841679387656291522852539562647
20134306125327399393977205976388691753811744857601573092757019163309
17189596104171270770991950021980248826895143664122318802933047388897
26853725432990695629076696399894730557974344812717538882388842321908
4143139186275754339255279203157290985814546022219180881783968500476
7110721591182735772907282881274979607372551350493414576108669347864
11544340489244593733437118960436481380364725533167404792236942422895
23485628489283430248465690450245419670518094708276291042207237235956
18901245995220926648298435682259726638237373688486942221144812175717
26394764013103644304862185882598013565916671928289767248149047484142
20064863894081920609827187569982833035333038409664454139494877539443
8009092611669256057916841947542509443443889392382897323030833782269
2378860215089178151374048005760953771316132328046039588720710776548
12862270304904809812203006762189979837538816186354251932866186473352
5676569244693496299914856303576829142462205659748994427560835629172
7279528300460652163538256799896146814021201359865314774422317644437
15330351551463819229584416482197053337276099710882490485674223259219
25566417650341193393801389848493139079182366742590226435827782855782
24864508981600788816000610521748649559473169371546574210148971911611
19547951360491930487643573354734306548587763765710808428464845447362
15728497564757764246579899525607831998786804340687916850491481298670
2085424221085585940999623511839288426069074506337754251373764818429
16361399269215021711234928771583205747345571585834433476209928257043
15386441614730360045947950593973541390371854371028910268628896527900
24891192173725316637402466046827211439712038469912490008040219718381
23575671946512715323701548191601392420176589191223125080880939569669
2508076151964142180997144581412258684195562230690219705469164245707
12123341329288604597311172390687414278650749844615399497666044842726
21115936538925835202664722066866398070369416690394049154482044413581
2634718161100125780350452678395935968747090691811721836562326238014
15736676244062120770267645236890913283688584284344241274754515621551
9915217925923537705431941555832898321172575728177272570258352851711
23820966775267630917912598349822740004222325003603293980804205302902
15926722961523294997932101023347089830986283581423487464381960857867
10509879100818124826848612253902358214290970117554748598743897838944
18182482916787108515494621220411867142958759839205056830975015693624
