509550243860311209606691775357929853896508068333
311491185399590323168280087264005041197554333959
1006670646370639640765720384789383529877519734433
934041028669145458486546562042207795564306987105
1102221761998800094575616018444637221747718201416
1271159173836982856026839875930981462284263333115
880379012623246840828885386636290244363613383188
767374367905157267873671567821084656263476338401
22388802437657167839934696336588740322803822594
774762585901240331998301602514668570580048212735
308867728209528666223361923231137580103184676170
973721133448396985310177549479143237660499987205
555690872291066065322720420533441210345098528718
533766740379067171682187537656145822442763055994
94956717253547385372372423684756902249286067320
265210822606452980563588555065779402534846940059
535592175110859035637192568004340746929692657148
442783965119922640200790141996586707391443378140
1418782683575605201782205641534786856243305746454
1135567646633338553863400512210729283227342635629
145003087972136639377294576843788710912818062401
825928644896183871755081531794915554865941570938
694595829870567704689869506532876459600656236578
99131634735572624551035733741699012033223266804
111143872853760382377886177106251955964507211041
518878039223288343620224570811653124647635192547
1068770320608612722978222870623442051000814997792
941431861562658077068448742788972806136410616087
452628951406091632036076328020946610506165623758
50234095447860517604192053668440657971837564877
409001750461055465533086094668713547086680303912
328476273716711689608073818170032542430387853221
48618803810689098703907235397904976490904461633
516791058347693808473861757159389903097854744378
786075396318474473051239140219648306848827898375
1309414349592036195924037141780191095651540275308
840760717290673895623278236400906739101313291601
1218635802407785208163606077055267104456378421386
423846430137510169602497904701869750534123608496
813362083999186924440495496222609900890594840705
250716305946183609381579480047789898361974479901
817411557534215714205857012548730674981542083969
611234019046672211537682904679237092765662390813
98422921626883211416137387786576356737236612801
612602665949917474558271129881817715384715047405
1307207657317652347530530684688035648649210497431
387059013717698202299299899665678884839329365442
1121578911820152222212774072027786030249366716160
275646328593972305285831110228129460129204996643
414544659138618701923443847752578001049266344098
614428828322869313921170228605345278980463167007
548962636968879140988755412192731170439793173439
1273451831412106994327772727952431551527468683994
245691775445518263724158281038824670919118278740
986387894894210211209989804484240980709825764309
1268100871833056178922413360070807079532656964364
1006310007780150727039567916056916511689299597696
268177344453129936857273371365778421158994655117
218191394446378558796797098104211817483878329738
853083960636858988388443614002319774730315515227
15872003863548806558580489186626342476152951419
1272047610753225785231003103563197769821084642854
992063505932939632805759189073035549638421697290
737502749795546808577409700851004495449084626659
1077831020615777349984059681873712644910276967822
389159780359013224495220513669594729291296590904
865972340010676504677050602239476125029077173139
855870708647847810248576167356836065070265129042
574107071388764309945280110148906365318546500149
1362014407634326425131689146989375699440967251383
1388940595144213482196396375427890274426602796522
1147908373531720187953926505668582821338159799295
713473485372555088602773468516353166827362283052
1358883196222948994794534969030087140042892628732
558976127795396206957128897258546211105307732385
1060722221823956781032913712035098400159584643926
202929092923905931634334471331496559684749445559
1094676207460103862922295467869767981836269499913
659659812587689381657953521294813851497803803021
1177644368447635484981139437925377401971277636029
604697505589233759995041239879413857438649708462
517355081752874169821419644840510151829406611264
1435395988422191535741875668727613136269518213558
1169071944629085199073085552554620274862951450436
622712905290679670387856694895397563771665205643
245135667104019551010153399504578486214388389570
1105547081084773417860630099449522275539771466601
1223574220291045104902643138479105522524827349512
128668718725625728543586709533520802862321629436
957523135469127241268215457034178739911867869256
1254610279904109072910252121524774878698661236264
1336590598339753460022203748753598920616132468154
688769550192120547367440433025262217309274507430
1133197360882661738139889728846160924375697537311
1235405029240725968999098701623645870124812906293
1421634654797792945599175813296085361523710455492
1140955097037977462194211863858981615521079565530
980840930778841419297372126288906709993770036251
6253846711815447518312478847923407166414482122
525431054236983395762962910262157895540949473364
1183791678348168341978245955664294434898664449795
3528311944145171562053105584583406272907804861
350603492691337790216522118700045012507029793922
983320701319629540395846917025170722256913622925
646720278075959191458275293974939777117297454764
337661720630696926806938633880637265174704270176
603803374769274059292665041631400333187031304214
849820783201771403142407817820688272926565778091
747145307140597200467690092220859671263305552790
340949058465979907397786266005919386280234786902
474033431652916385499115328224620034137726179001
570344903265641029248863434075560417192150435004
1448937405104837426569237920538059377663091557427
270756817598574169269815313042041913305103296996
1360218974555430100864252497387806616194394210895
359754788824242494995755128265816941119961897975
356247249998271481407473537455026565551172826114
67630663079601063827219884112733305755763239136
492062591354700185785630888054202971414870651423
880815358405008510949310880573610382583060370705

