69680576004574948426622480319902369407437068777880231739533284614632122755330
95976492818237273823317763178281203350633793046978471541315467832027876864686
1807872041832260718838664507467721076515619848918795240204396685783879322059
102023894481335883377374957565955414313193309710326759513976391957932477772395
91410361604814964249667261153022469639984926970432736388366497102824909313634
7377706360491356842696969562080391670145238704979595195596487346304698528603
57067120827848028565942929841853536693491519430124633007682785751227915930659
77469061795898044518519440152157344982836516336427455774619361133475671111724
27517316824692834118556409662519200963169743799523484024737466511159938954693
25309014898322106090125233057809351842152552049561424713810328872247483790407
51070543170857690542440253686836964658201353048554155311219523492633694244451
21056172162018079818997567700504452071611018711112838069892901986670607512588
114223090507111287561773446179644964634639496809513125896483869534516929587626
2764498884637318521903524063230577375343265998358711692694055413760965152715
10239995442695067007456555209094191105587920977414171038702868837791466513196
79192173842731512318190246654294113509759511403611986665678174639344678909326
28153399337004893310246228164130518071392758324307719790070036181959059959259
3881096851211273932324071434335109763033546090782512505031767527011836977671
95663647341017193266425166719906076792310268646599879419786012318888547455341
39095232256615609595108986821250513056064853438727028337319688327120705395188
50622565795416709726975772361350679190293118163288090933404746907954311696149
10107010149969467071218766376041131172614395839403526187673320032298786159883
74904411843506749126114150997278081790222648663134695904668753206278341670738
19476365724419528662560764446811393836660661549274354046947162036359569118039
46546413442745274205530039260217803774776594350923988066555870657336411012985
98228023843062844551658656025653789543450701185952767434676431306501262756269
37324582004033895367082730239782590455848423264351744581551185372433169845816
22354333064888227244544410685356313743054062705725989042636333938277368262705
10980620859746555637950175141169324657963947367813529041367294801032149089615
12004643898214549707730108657897191151813030860920061089852924033162921248184
99588869181662691649858017136292691172689980204986777368374169102519427061507
61459693123198189459353092359368979905739571328613696517154141582125326531522
51208708503359251636177331198585053263661518406572825585825435528194669852102
45330110755600399250949994819614227046906309482128635004355380492875050124242
14370468552271694884381366394224746355984141047827711628860749913324047459267
34935486900686188567898959360299871276363843478376223881142870215423569274176
30212801644194312176101428692739465002738091967047555797540922639165399214015
44551334636930825822870772187285696462008940700718341548316813577890741001230
79706221919341992037676630574913004118836477826971837409191236346295238410443
31697061894869251562093908934333276916397359645756040409633769425328191511904
57882309393805594005935611296673858390032232877642075338381216699859615324686
65949085361224023667802212096979286705158262879063883122006487618751745342839
49994878125062974824977287742080928228856880763821771144640131735643827526041
103097109127564929173500322564719643976393354175327643119031092937154562825668
114008603230895499238030120667734092121568299328511213947589648315901694483898
110361119333063238944920908609832123513665627960012527850362246707339304466240
46387780355828221852463154848860001252782177961326319913945663798557114093667
39200702894303932143784674664235512650843235294908723934272691450415452644772
78320242706309208089842320628701700562138638709309334450299987071269456886922
78283057744152723716092607018039441822776563461040091449261415407764434380066
34654511407545664736544173414787751038025620387591386470299692163123881812998
54940951687508713882451930358831951568583925413490932284281048519320995597462
39632776742157531585490152285360874385041579313509637704334462243218808930496
20204166846635315725193628894375355952358477369551734718072747855652651468130
56081494178553087880209804051686707678079846134990306958488491785453458867988
62333866037180285554795489206777455737119915707742566381798271438103500383843
113123404007696973422189581531666918011338046461840742867188139339715108211067
27912308606956173470660778687139620428195951073119686162376077593474991646508
33622088549094357874495146775960602942743285298068191858478510878575621987979
45130766964681589021966093430561534497355731536621605983831250978652571463172
58012888135386333990744436546421576710694206572673810536252108762086002595385
11236889290889292781164113152373034301030216127910555220823179881898586740672
90564416696526506121123582316779182076565332614440511667205495640808961646667
26552827071933857988994237996927273184472013061047054723542453872586443452679
64856046500918283340352057445228470804011657330146919585267798113854806795481
47898666676939469236061975387192900298811304652768657342521660727529426605991
14206393974841187520109998937834258819760655652340839711639839683017935698693
31908524379224524339833415742138621281387808063832565747018461411114259681712
18087990078935610463181021685230602700448695143787027262102271730087331927820
68921174253225699397751566791348619274993460976340867229469298302561969351728
15541980975540643481707434081413867761667894308218693546313114114228550103599
42970114168038507757848893321248986474216616522397982004003962284035926407244
59458277222572166615322777862407339411528232297679868679208000044125316807238
22574866556438005859045466130616513989426690085833393686455700113034224216240
1545568772133183676272140677955149893578106231181019939228636104558135123745
77923687450020309609235072909177629443559142787988470541938504898089038999592
17299240903312600307241931578556132266128889265857362133161254605304109952648
46267756113901471991668458881738154104007775694916401616056476675590154032513
15902480504537404534995022542457373408189220621579950310353378437734889038804
113102796394420766398358814944117921334125771869944921224289883744842078798380
39722576392297739843256679478063890120176800594123105434313174053376190016704
5608718333168901110483272785703504428835841900637146960814919518825998614459
67380805343002495661180280981766034891534989329127627659065256548264296696935
80494866344001400855699692862606810504762065623794207570628172330177765937631
80128882254737253903984947488445098549452370458483263699011534241507449534255
96364657120058490052209359329555026189421008847136289387228326143891914335625
83051816092976807225512278486235624081034618895913291281554180580600597503862
12321585326218663525448042436721331468560869232284861096791873553373835653197
6281518088287127393025437079597943551350959581515359171441517729340233071325
41524418597543813334710554064148716433502164964642179986363499511948381482301
88553937206170994024314916164167654211857151603933677956486356756876205242920
59769035474170028623288101875980370611127650757482785730090874838219259607058
2731789227905233459505734303386186615900125339104972983086892525975610992222
62037873590312298742399472030876026203446342905842330557689528130374724914697
78993948499211285046684114592187585718393325332924040982860664002851549924285
58230454631587765698433351117051977788554651497529592718578825748503433966030
108043987032538421104707629141944828095501993185739961677618578801479364500607
40984159117829091047408787702909164964517168717871272535374328124362789928417
39600220691345705442492373245818157305294741102872994291511297580158112323631
48804381172592964986492308673591562977420365248997974940329132733934287576845 
