-3.2971933456919635
-2.9750207290819706
-2.8146648643958696
-2.70473268508558
-2.6201518358892004
-2.5509755063158526
-2.492203924795835
-2.4409560467807534
-2.3954150110677515
-2.3543588804128563
-2.3169250946185964
-2.2824813471479244
-2.250549854713513
-2.220760496646473
-2.1928205255543967
-2.1664942666957163
-2.1415890891473204
-2.1179454536776157
-2.095429690530789
-2.0739286531449
-2.0533456905521748
-2.0335975655396914
-2.0146120633558198
-1.9963261127753262
-1.9786842928597757
-1.9616376339009496
-1.945142645448445
-1.9291605215562746
-1.91365648573075
-1.898599247029864
-1.8839605453600743
-1.869714768923878
-1.8558386304624244
-1.8423108917410795
-1.8291121278755456
-1.816224524758755
-1.8036317041451757
-1.791318571967794
-1.7792711862691832
-1.7674766417703403
-1.7559229686160092
-1.7445990432506862
-1.7334945097165788
-1.7225997099397712
-1.7119056217962996
-1.7014038039356292
-1.69108634649277
-1.6809458269481494
-1.6709752705011287
-1.6611681144125259
-1.6515181758468747
-1.6420196228087496
-1.6326669478214555
-1.6234549440422494
-1.6143786835474168
-1.6054334975540683
-1.5966149583742708
-1.5879188629219398
-1.5793412176143105
-1.5708782245283335
-1.5625262686884311
-1.5542819063760556
-1.5461418543636913
-1.538102979986631
-1.5301622919752047
-1.5223169319783718
-1.514564166716809
-1.5069013807100125
-1.4993260695275614
-1.4918358335196953
-1.4844283719867704
-1.4771014777511002
-1.469853032098184
-1.4626810000574546
-1.4555834259954548
-1.4485584294968592
-1.441604201510979
-1.4347190007434012
-1.4279011502742154
-1.4211490343858988
-1.414461095585387
-1.4078358318061983
-1.4012717937776324
-1.3947675825491892
-1.388321847159279
-1.3819332824382313
-1.3756006269363712
-1.3693226609686941
-1.3630982047683098
-1.3569261167414601
-1.3508052918174374
-1.344734659887263
-1.3387131843254325
-1.3327398605894545
-1.3268137148923076
-1.3209338029432809
-1.3150992087530082
-1.3093090434987795
-1.3035624444465141
-1.2978585739260124
-1.2921966183563467
-1.2865757873184662
-1.2809953126722824
-1.2754544477156915
-1.269952466383156
-1.2644886624816238
-1.2590623489617032
-1.253672857222164
-1.248319536445929
-1.243001752965868
-1.2377188896587814
-1.232470345366096
-1.2272555343398461
-1.2220738857126352
-1.2169248429903372
-1.2118078635663594
-1.2067224182563918
-1.2016679908525907
-1.1966440776962388
-1.191650187267964
-1.186685839794648
-1.181750566872228
-1.1768439111035964
-1.1719654257509073
-1.1671146744015846
-1.1622912306473845
-1.1574946777759174
-1.152724608474037
-1.1479806245425552
-1.1432623366217687
-1.1385693639272998
-1.1339013339957966
-1.1292578824400437
-1.1246386527130725
-1.1200432958808748
-1.1154714704033406
-1.1109228419230686
-1.1063970830617071
-1.101893873223507
-1.0974128984057765
-1.0929538510159567
-1.0885164296950265
-1.0841003391469883
-1.0797052899741815
-1.0753309985181723
-1.070977186706017
-1.066643581901655
-1.0623299167622506
-1.0580359290992694
-1.0537613617441093
-1.0495059624181104
-1.0452694836067622
-1.0410516824379585
-1.0368523205641338
-1.032671164048141
-1.0285079832527189
-1.0243625527334252
-1.0202346511348954
-1.0161240610903077
-1.0120305691239373
-1.0079539655566805
-1.0038940444144482
-0.9998506033393142
-0.99582344350333
-0.9918123695249006
-0.9878171893876356
-0.9838377143615886
-0.9798737589267937
-0.975925140699028
-0.9719916803577155
-0.9680732015759008
-0.964169530952222
-0.9602804979448137
-0.9564059348070721
-0.9525456765252256
-0.9486995607576415
-0.9448674277758186
-0.9410491204070043
-0.9372444839783861
-0.9334533662628017
-0.9296756174259231
-0.9259110899748626
-0.9221596387081561
-0.9184211206670799
-0.9146953950882588
-0.9109823233575216
-0.9072817689649685
-0.903593597461209
-0.8999176764147356
-0.8962538753703965
-0.8926020658089358
-0.8889621211075628
-0.8853339165015282
-0.8817173290466647
-0.8781122375828746
-0.8745185226985249
-0.8709360666957329
-0.8673647535565059
-0.8638044689097192
-0.8602550999988983
-0.8567165356507893
-0.8531886662446905
-0.8496713836825226
-0.846164581359619
-0.8426681541362129
-0.8391819983096015
-0.8357060115869699
-0.8322400930588528
-0.8287841431732198
-0.825338063710162
-0.8219017577571682
-0.81847512968497
-0.8150580851239428
-0.8116505309410454
-0.8082523752172853
-0.8048635272256931
-0.8014838974097942
-0.7981133973625636
-0.7947519398058494
-0.7913994385702549
-0.7880558085754653
-0.7847209658110069
-0.7813948273174292
-0.7780773111678969
-0.7747683364501816
-0.7714678232490428
-0.7681756926289895
-0.7648918666174086
-0.7616162681880554
-0.758348821244894
-0.7550894506062784
-0.7518380819894682
-0.7485946419954671
-0.7453590580941793
-0.7421312586098724
-0.7389111727069431
-0.7356987303759733
-0.7324938624200753
-0.7292965004415121
-0.7261065768285928
-0.7229240247428318
-0.7197487781063662
-0.7165807715896265
-0.7134199405992541
-0.7102662212662574
-0.7071195504344049
-0.703979865648845
-0.7008471051449507
-0.6977212078373831
-0.6946021133093656
-0.6914897618021686
-0.6883840942047967
-0.6852850520438735
-0.6821925774737205
-0.6791066132666272
-0.6760271028033026
-0.6729539900635106
-0.6698872196168805
-0.6668267366138897
-0.6637724867770164
-0.6607244163920553
-0.6576824722995963
-0.6546466018866586
-0.6516167530784802
-0.6485928743304575
-0.6455749146202321
-0.6425628234399202
-0.6395565507884852
-0.6365560471642455
-0.6335612635575185
-0.6305721514433953
-0.6275886627746446
-0.6246107499747423
-0.6216383659310251
-0.6186714639879632
-0.6157099979405537
-0.6127539220278257
-0.6098031909264625
-0.6068577597445314
-0.6039175840153232
-0.600982619691298
-0.5980528231381331
-0.5951281511288753
-0.5922085608381895
-0.5892940098367079
-0.5863844560854717
-0.5834798579304686
-0.5805801740972606
-0.5776853636857016
-0.574795386164743
-0.5719102013673256
-0.5690297694853549
-0.5661540510647599
-0.5632830070006327
-0.5604165985324469
-0.5575547872393534
-0.5546975350355541
-0.5518448041657481
-0.5489965572006522
-0.5461527570325933
-0.5433133668711697
-0.5404783502389834
-0.537647670967438
-0.5348212931926042
-0.5319991813511492
-0.5291813001763308
-0.5263676146940528
-0.5235580902189829
-0.5207526923507297
-0.5179513869700789
-0.5151541402352877
-0.5123609185784347
-0.5095716887018272
-0.5067864175744614
-0.5040050724285371
-0.501227620756024
-0.4984540303052811
-0.4956842690777247
-0.49291830532454745
-0.4901561075434854
-0.4873976444756331
-0.48464288510230547
-0.48189179864194587
-0.47914435454707893
-0.47640052250130827
-0.4736602724163573
-0.470923574429153
-0.46819039889895153
-0.4654607164045054
-0.46273449774127023
-0.46001171391865225
-0.457292336157294
-0.45457633588639873
-0.45186368474109256
-0.4491543545598228
-0.44644831738179347
-0.44374554544443573
-0.44104601118091397
-0.4383496872176656
-0.4356565463719746
-0.4329665616495793
-0.43027970624231127
-0.42759595352576724
-0.42491527705701193
-0.42223765057231205
-0.41956304798490074
-0.4168914433827711
-0.41422281102650044
-0.4115571253471016
-0.40889436094390397
-0.4062344925824617
-0.40357749519248914
-0.4009233438658234
-0.3982720138544134
-0.3956234805683344
-0.3929777195738286
-0.39033470659137015
-0.38769441749375555
-0.3850568283042177
-0.3824219151945641
-0.37978965448333774
-0.37716002263400233
-0.37453299625314884
-0.371908552088725
-0.36928666702828633
-0.3666673180972688
-0.36405048245728294
-0.3614361374044278
-0.35882426036762655
-0.356214828906981
-0.35360782071214697
-0.351003213600728
-0.3484009855166892
-0.3458011145287891
-0.34320357882903024
-0.340608356731128
-0.33801542666899725
-0.33542476719525655
-0.3328363569797495
-0.3302501748080834
-0.32766619958018406
-0.325084410308868
-0.32250478611842937
-0.31992730624324456
-0.3173519500263906
-0.31477869691828064
-0.31220752647531297
-0.3096384183585363
-0.30707135233232874
-0.3045063082630917
-0.3019432661179575
-0.2993822059635114
-0.2968231079645267
-0.29426595238271414
-0.2917107195754837
-0.2891573899947202
-0.2866059441855708
-0.2840563627852461
-0.2815086265218331
-0.2789627162131203
-0.276418612765435
-0.2738762971724923
-0.27133575051425585
-0.2687969539558099
-0.2662598887462423
-0.2637245362175393
-0.26119087778349037
-0.25865889493860417
-0.2561285692570349
-0.2535998823915192
-0.2510728160723226
-0.24854735210619672
-0.24602347237534591
-0.2435011588364034
-0.24098039351941725
-0.23846115852684555
-0.2359434360325608
-0.23342720828086325
-0.2309124575855031
-0.22839916632871168
-0.22588731696024097
-0.22337689199641153
-0.22086787401916896
-0.21836024567514833
-0.21585398967474656
-0.21334908879120296
-0.21084552585968727
-0.20834328377639527
-0.20584234549765212
-0.20334269403902286
-0.20084431247443016
-0.1983471839352791
-0.19585129160958906
-0.19335661874113247
-0.19086314862857995
-0.18837086462465258
-0.18587975013528024
-0.18338978861876643
-0.18090096358495944
-0.17841325859442952
-0.17592665725765222
-0.1734411432341976
-0.17095670023192508
-0.16847331200618423
-0.1659909623590211
-0.16350963513838995
-0.16102931423737027
-0.15854998359338937
-0.15607162718745005
-0.15359422904336298
-0.15111777322698472
-0.14864224384546
-0.1461676250464691
-0.14369390101747992
-0.14122105598500456
-0.13874907421386026
-0.13627794000643506
-0.13380763770195747
-0.1313381516757705
-0.1288694663386099
-0.12640156613588618
-0.12393443554697074
-0.121468059084486
-0.119002421293599
-0.11653750675131887
-0.11407330006579788
-0.11160978587563607
-0.10914694884918906
-0.10668477368387962
-0.10422324510551201
-0.10176234786759006
-0.09930206675063784
-0.09684238656152366
-0.09438329213278703
-0.09192476832196818
-0.08946680001094082
-0.08700937210524719
-0.08455246953343601
-0.0820960772464029
-0.0796401802167332
-0.0771847634380474
-0.07472981192434863
-0.07227531070937267
-0.06982124484593992
-0.06736759940530963
-0.0649143594765361
-0.06246151016582677
-0.06000903659590239
-0.05755692390535883
-0.05510515724803065
-0.052653721792356466
-0.05020260272074579
-0.04775178522894744
-0.04530125452541947
-0.0428509958307004
-0.0404009943767818
-0.03795123540648218
-0.03550170417282198
-0.033052385938399716
-0.030603265974769193
-0.028154329561817633
-0.02570556198714478
-0.023256948545442788
-0.02080847453787692
-0.018360125271466944
-0.015911886058469143
-0.013463742215758936
-0.011015679064213963
-0.00856768192809763
-0.006119736134443005
-0.003671827012437036
-0.0012239398928049802
0.0012239398928049802
0.003671827012437036
0.006119736134443005
0.00856768192809763
0.011015679064213963
0.013463742215758936
0.015911886058469143
0.018360125271466944
0.02080847453787692
0.023256948545442788
0.02570556198714478
0.028154329561817633
0.030603265974769193
0.033052385938399716
0.03550170417282198
0.03795123540648218
0.0404009943767818
0.0428509958307004
0.04530125452541947
0.04775178522894744
0.05020260272074579
0.052653721792356466
0.05510515724803065
0.05755692390535883
0.06000903659590239
0.06246151016582677
0.0649143594765361
0.06736759940530963
0.06982124484593992
0.07227531070937267
0.07472981192434863
0.0771847634380474
0.0796401802167332
0.0820960772464029
0.08455246953343601
0.08700937210524719
0.08946680001094082
0.09192476832196818
0.09438329213278703
0.09684238656152366
0.09930206675063784
0.10176234786759006
0.10422324510551201
0.10668477368387962
0.10914694884918906
0.11160978587563607
0.11407330006579788
0.11653750675131887
0.119002421293599
0.121468059084486
0.12393443554697074
0.12640156613588618
0.1288694663386099
0.1313381516757705
0.13380763770195747
0.13627794000643506
0.13874907421386026
0.14122105598500456
0.14369390101747992
0.1461676250464691
0.14864224384546
0.15111777322698472
0.15359422904336298
0.15607162718745005
0.15854998359338937
0.16102931423737027
0.16350963513838995
0.1659909623590211
0.16847331200618423
0.17095670023192508
0.1734411432341976
0.17592665725765222
0.17841325859442952
0.18090096358495944
0.18338978861876643
0.18587975013528024
0.18837086462465258
0.19086314862857995
0.19335661874113247
0.19585129160958906
0.1983471839352791
0.20084431247443016
0.20334269403902286
0.20584234549765212
0.20834328377639527
0.21084552585968727
0.21334908879120296
0.21585398967474656
0.21836024567514833
0.22086787401916896
0.22337689199641153
0.22588731696024097
0.22839916632871168
0.2309124575855031
0.23342720828086325
0.2359434360325608
0.23846115852684555
0.24098039351941725
0.2435011588364034
0.24602347237534591
0.24854735210619672
0.2510728160723226
0.2535998823915192
0.2561285692570349
0.25865889493860417
0.26119087778349037
0.2637245362175393
0.2662598887462423
0.2687969539558099
0.27133575051425585
0.2738762971724923
0.276418612765435
0.2789627162131203
0.2815086265218331
0.2840563627852461
0.2866059441855708
0.2891573899947202
0.2917107195754837
0.29426595238271414
0.2968231079645267
0.2993822059635114
0.3019432661179575
0.3045063082630917
0.30707135233232874
0.3096384183585363
0.31220752647531297
0.31477869691828064
0.3173519500263906
0.31992730624324456
0.32250478611842937
0.325084410308868
0.32766619958018406
0.3302501748080834
0.3328363569797495
0.33542476719525655
0.33801542666899725
0.340608356731128
0.34320357882903024
0.3458011145287891
0.3484009855166892
0.351003213600728
0.35360782071214697
0.356214828906981
0.35882426036762655
0.3614361374044278
0.36405048245728294
0.3666673180972688
0.36928666702828633
0.371908552088725
0.37453299625314884
0.37716002263400233
0.37978965448333774
0.3824219151945641
0.3850568283042177
0.38769441749375555
0.39033470659137015
0.3929777195738286
0.3956234805683344
0.3982720138544134
0.4009233438658234
0.40357749519248914
0.4062344925824617
0.40889436094390397
0.4115571253471016
0.41422281102650044
0.4168914433827711
0.41956304798490074
0.42223765057231205
0.42491527705701193
0.42759595352576724
0.43027970624231127
0.4329665616495793
0.4356565463719746
0.4383496872176656
0.44104601118091397
0.44374554544443573
0.44644831738179347
0.4491543545598228
0.45186368474109256
0.45457633588639873
0.457292336157294
0.46001171391865225
0.46273449774127023
0.4654607164045054
0.46819039889895153
0.470923574429153
0.4736602724163573
0.47640052250130827
0.47914435454707893
0.48189179864194587
0.48464288510230547
0.4873976444756331
0.4901561075434854
0.49291830532454745
0.4956842690777247
0.4984540303052811
0.501227620756024
0.5040050724285371
0.5067864175744614
0.5095716887018272
0.5123609185784347
0.5151541402352877
0.5179513869700789
0.5207526923507297
0.5235580902189829
0.5263676146940528
0.5291813001763308
0.5319991813511492
0.5348212931926042
0.537647670967438
0.5404783502389834
0.5433133668711697
0.5461527570325933
0.5489965572006522
0.5518448041657481
0.5546975350355541
0.5575547872393534
0.5604165985324469
0.5632830070006327
0.5661540510647599
0.5690297694853549
0.5719102013673256
0.574795386164743
0.5776853636857016
0.5805801740972606
0.5834798579304686
0.5863844560854717
0.5892940098367079
0.5922085608381895
0.5951281511288753
0.5980528231381331
0.600982619691298
0.6039175840153232
0.6068577597445314
0.6098031909264625
0.6127539220278257
0.6157099979405537
0.6186714639879632
0.6216383659310251
0.6246107499747423
0.6275886627746446
0.6305721514433953
0.6335612635575185
0.6365560471642455
0.6395565507884852
0.6425628234399202
0.6455749146202321
0.6485928743304575
0.6516167530784802
0.6546466018866586
0.6576824722995963
0.6607244163920553
0.6637724867770164
0.6668267366138897
0.6698872196168805
0.6729539900635106
0.6760271028033026
0.6791066132666272
0.6821925774737205
0.6852850520438735
0.6883840942047967
0.6914897618021686
0.6946021133093656
0.6977212078373831
0.7008471051449507
0.703979865648845
0.7071195504344049
0.7102662212662574
0.7134199405992541
0.7165807715896265
0.7197487781063662
0.7229240247428318
0.7261065768285928
0.7292965004415121
0.7324938624200753
0.7356987303759733
0.7389111727069431
0.7421312586098724
0.7453590580941793
0.7485946419954671
0.7518380819894682
0.7550894506062784
0.758348821244894
0.7616162681880554
0.7648918666174086
0.7681756926289895
0.7714678232490428
0.7747683364501816
0.7780773111678969
0.7813948273174292
0.7847209658110069
0.7880558085754653
0.7913994385702549
0.7947519398058494
0.7981133973625636
0.8014838974097942
0.8048635272256931
0.8082523752172853
0.8116505309410454
0.8150580851239428
0.81847512968497
0.8219017577571682
0.825338063710162
0.8287841431732198
0.8322400930588528
0.8357060115869699
0.8391819983096015
0.8426681541362129
0.846164581359619
0.8496713836825226
0.8531886662446905
0.8567165356507893
0.8602550999988983
0.8638044689097192
0.8673647535565059
0.8709360666957329
0.8745185226985249
0.8781122375828746
0.8817173290466647
0.8853339165015282
0.8889621211075628
0.8926020658089358
0.8962538753703965
0.8999176764147356
0.903593597461209
0.9072817689649685
0.9109823233575216
0.9146953950882588
0.9184211206670799
0.9221596387081561
0.9259110899748626
0.9296756174259231
0.9334533662628017
0.9372444839783861
0.9410491204070043
0.9448674277758186
0.9486995607576415
0.9525456765252256
0.9564059348070721
0.9602804979448137
0.964169530952222
0.9680732015759008
0.9719916803577155
0.975925140699028
0.9798737589267937
0.9838377143615886
0.9878171893876356
0.9918123695249006
0.99582344350333
0.9998506033393142
1.0038940444144482
1.0079539655566805
1.0120305691239373
1.0161240610903077
1.0202346511348954
1.0243625527334252
1.0285079832527189
1.032671164048141
1.0368523205641338
1.0410516824379585
1.0452694836067622
1.0495059624181104
1.0537613617441093
1.0580359290992694
1.0623299167622506
1.066643581901655
1.070977186706017
1.0753309985181723
1.0797052899741815
1.0841003391469883
1.0885164296950265
1.0929538510159567
1.0974128984057765
1.101893873223507
1.1063970830617071
1.1109228419230686
1.1154714704033406
1.1200432958808748
1.1246386527130725
1.1292578824400437
1.1339013339957966
1.1385693639272998
1.1432623366217687
1.1479806245425552
1.152724608474037
1.1574946777759174
1.1622912306473845
1.1671146744015846
1.1719654257509073
1.1768439111035964
1.181750566872228
1.186685839794648
1.191650187267964
1.1966440776962388
1.2016679908525907
1.2067224182563918
1.2118078635663594
1.2169248429903372
1.2220738857126352
1.2272555343398461
1.232470345366096
1.2377188896587814
1.243001752965868
1.248319536445929
1.253672857222164
1.2590623489617032
1.2644886624816238
1.269952466383156
1.2754544477156915
1.2809953126722824
1.2865757873184662
1.2921966183563467
1.2978585739260124
1.3035624444465141
1.3093090434987795
1.3150992087530082
1.3209338029432809
1.3268137148923076
1.3327398605894545
1.3387131843254325
1.344734659887263
1.3508052918174374
1.3569261167414601
1.3630982047683098
1.3693226609686941
1.3756006269363712
1.3819332824382313
1.388321847159279
1.3947675825491892
1.4012717937776324
1.4078358318061983
1.414461095585387
1.4211490343858988
1.4279011502742154
1.4347190007434012
1.441604201510979
1.4485584294968592
1.4555834259954548
1.4626810000574546
1.469853032098184
1.4771014777511002
1.4844283719867704
1.4918358335196953
1.4993260695275614
1.5069013807100125
1.514564166716809
1.5223169319783718
1.5301622919752047
1.538102979986631
1.5461418543636913
1.5542819063760556
1.5625262686884311
1.5708782245283335
1.5793412176143105
1.5879188629219398
1.5966149583742708
1.6054334975540683
1.6143786835474168
1.6234549440422494
1.6326669478214555
1.6420196228087496
1.6515181758468747
1.6611681144125259
1.6709752705011287
1.6809458269481494
1.69108634649277
1.7014038039356292
1.7119056217962996
1.7225997099397712
1.7334945097165788
1.7445990432506862
1.7559229686160092
1.7674766417703403
1.7792711862691832
1.791318571967794
1.8036317041451757
1.816224524758755
1.8291121278755456
1.8423108917410795
1.8558386304624244
1.869714768923878
1.8839605453600743
1.898599247029864
1.91365648573075
1.9291605215562746
1.945142645448445
1.9616376339009496
1.9786842928597757
1.9963261127753262
2.0146120633558198
2.0335975655396914
2.0533456905521748
2.0739286531449
2.095429690530789
2.1179454536776157
2.1415890891473204
2.1664942666957163
2.1928205255543967
2.220760496646473
2.250549854713513
2.2824813471479244
2.3169250946185964
2.3543588804128563
2.3954150110677515
2.4409560467807534
2.492203924795835
2.5509755063158526
2.6201518358892004
2.70473268508558
2.8146648643958696
2.9750207290819706
3.2971933456919635
